name,SLpMs,StrAccs,SApMs,StrDefs,TDAvgs,TDAccs,TDDefs,SubAvgs
Junior Albini,3.98,51.0,6.08,52.0,1.54,37.0,100.0,0.0
Israel Albuquerque,0.32,13.0,3.34,25.0,0.0,0.0,0.0,0.0
Benny Alloway,1.28,49.0,1.9,59.0,0.62,50.0,26.0,0.0
Eddie Alvarez,4.32,41.0,4.39,55.0,2.92,36.0,92.0,0.5
Akbarh Arreola,2.32,45.0,4.01,56.0,1.07,100.0,33.0,0.4
Eryk Anders,3.02,45.0,4.18,51.0,1.34,34.0,80.0,0.1
Kenji Arai,8.79,27.0,10.29,39.0,0.0,0.0,0.0,0.0
David Abbott,1.35,30.0,3.55,38.0,1.07,33.0,66.0,0.0
Jermaine Andre,0.0,0.0,0.0,0.0,0.0,0.0,0.0,0.0
Veta Arteaga,3.2,36.0,1.92,65.0,0.0,0.0,40.0,0.0
Ricardo Abreu,3.79,31.0,3.98,68.0,2.13,42.0,100.0,0.7
Hector Aldana,3.59,38.0,5.08,59.0,0.93,100.0,0.0,0.0
Razak Al-Hassan,3.27,39.0,3.14,60.0,0.65,14.0,57.0,0.0
Javi Alanis,0.0,0.0,0.0,0.0,0.0,0.0,0.0,0.0
Makwan Amirkhani,1.6,47.0,2.77,50.0,3.39,34.0,57.0,1.5
Askar Askarov,3.43,48.0,2.7,58.0,2.0,22.0,66.0,0.0
Levi Alford,0.0,0.0,0.0,0.0,0.0,0.0,0.0,0.0
Alfonso Alcarez,0.0,0.0,0.0,0.0,0.0,0.0,0.0,0.0
Viviane Araujo,4.51,47.0,5.2,54.0,2.57,58.0,100.0,0.0
Ricardo Arona,1.66,48.0,1.15,57.0,2.41,48.0,58.0,1.2
Alen Amedovski,0.52,28.0,3.14,37.0,0.0,0.0,0.0,0.0
Hiroyuki Abe,1.71,36.0,3.11,63.0,0.0,0.0,33.0,0.0
John Albert,3.05,49.0,2.82,35.0,0.0,0.0,50.0,6.1
Andrei Arlovski,3.54,44.0,2.69,59.0,0.5,36.0,79.0,0.3
Scott Askham,3.03,46.0,3.52,52.0,0.44,18.0,65.0,0.7
Hunter Azure,4.71,49.0,1.97,63.0,1.55,33.0,81.0,1.9
Jessica Andrade,6.55,51.0,5.28,51.0,3.21,58.0,76.0,0.5
Pablo Alfonso,0.0,0.0,0.0,0.0,0.0,0.0,0.0,0.0
Art Arciniega,1.53,46.0,2.73,51.0,0.0,0.0,50.0,1.0
Houston Alexander,3.06,54.0,3.2,52.0,1.19,57.0,33.0,0.0
Juan Alcain,0.0,0.0,0.0,0.0,0.0,0.0,0.0,0.0
Megan Anderson,1.82,46.0,2.94,38.0,0.56,33.0,53.0,0.6
Chris Avila,2.37,30.0,4.17,48.0,0.0,0.0,46.0,0.0
Derek Anderson,3.97,37.0,3.08,61.0,0.34,14.0,60.0,0.0
Jimmy Ambriz,0.83,29.0,3.76,40.0,3.13,57.0,100.0,0.8
Amilcar Alves,0.5,46.0,2.02,30.0,0.0,0.0,53.0,0.0
David Avellan,3.33,25.0,10.0,57.0,0.0,0.0,0.0,0.0
Kevin Aguilar,3.69,37.0,4.47,53.0,0.19,25.0,87.0,0.0
Brendan Allen,2.62,59.0,2.8,30.0,2.68,37.0,75.0,4.5
Ericka Almeida,1.07,39.0,3.33,43.0,0.5,33.0,37.0,0.0
Gilles Arsene,0.06,10.0,2.45,32.0,0.0,0.0,0.0,0.0
Mauricio Alonso,5.74,34.0,1.91,67.0,0.0,0.0,0.0,0.0
Shinya Aoki,0.97,58.0,1.25,58.0,2.54,41.0,60.0,4.0
JJ Ambrose,3.16,69.0,6.32,33.0,0.0,0.0,50.0,0.0
Matt Andersen,0.0,0.0,0.0,0.0,0.0,0.0,0.0,0.0
Amir Aliakbari,0.0,0.0,0.0,0.0,0.0,0.0,0.0,0.0
Jaime Alvarez,2.73,40.0,4.53,56.0,1.0,33.0,50.0,0.0
Julio Arce,4.25,36.0,2.87,67.0,0.58,30.0,93.0,0.6
Gilbert Aldana,2.91,54.0,6.26,26.0,2.57,40.0,33.0,0.0
Mariya Agapova,3.84,51.0,4.35,51.0,0.0,0.0,42.0,0.8
Nina Ansaroff,4.81,47.0,3.55,54.0,0.29,40.0,77.0,0.6
Andre Amado,2.27,24.0,5.91,63.0,0.0,0.0,20.0,0.0
Javy Ayala,0.83,25.0,5.0,33.0,0.0,0.0,0.0,0.0
John Allan,3.59,48.0,4.39,51.0,2.54,66.0,57.0,1.9
Matt Arroyo,1.62,47.0,2.01,58.0,2.12,36.0,100.0,5.3
Jose Aldo,3.47,44.0,3.18,65.0,0.64,65.0,91.0,0.1
Shinsho Anzai,3.23,58.0,3.75,45.0,1.83,16.0,75.0,0.0
Cesar Arzamendia,5.37,45.0,5.2,56.0,7.32,75.0,0.0,2.4
Jim Alers,2.9,40.0,4.38,56.0,2.26,41.0,80.0,0.3
Levi Avera,0.0,0.0,0.0,0.0,0.0,0.0,0.0,0.0
Yoji Anjo,0.0,0.0,3.13,25.0,0.0,0.0,0.0,0.0
Zarrukh Adashev,3.75,33.0,3.75,33.0,0.0,0.0,0.0,0.0
Edwin Aguilar,0.0,0.0,0.0,0.0,0.0,0.0,0.0,0.0
Chalid Arrab,1.56,34.0,1.63,56.0,3.05,75.0,37.0,1.0
Romie Aram,1.8,35.0,2.83,50.0,2.5,62.0,83.0,0.0
Yoshihiro Akiyama,3.1,41.0,3.62,57.0,2.29,67.0,92.0,1.0
Dylan Andrews,2.21,50.0,2.72,46.0,2.83,50.0,57.0,0.4
Angelo Antonio,1.09,50.0,7.64,50.0,0.0,0.0,0.0,0.0
Felipe Arantes,2.37,45.0,2.66,64.0,0.93,47.0,41.0,0.7
Andy Anderson,0.0,0.0,0.0,0.0,0.0,0.0,0.0,0.0
Alexandra Albu,4.83,47.0,5.56,38.0,2.27,50.0,77.0,0.4
Tristan Arenal,0.0,0.0,0.0,0.0,0.0,0.0,0.0,0.0
Sultan Aliev,1.41,45.0,2.2,56.0,1.76,38.0,100.0,0.0
Omari Akhmedov,2.99,34.0,2.77,58.0,2.4,50.0,62.0,0.2
Heili Alateng,2.77,37.0,5.1,57.0,3.5,35.0,100.0,0.0
Marcelo Aguiar,0.0,0.0,0.0,0.0,0.0,0.0,0.0,0.0
Anthony Adams,3.4,47.0,5.6,44.0,0.0,0.0,0.0,0.0
Corey Anderson,4.43,46.0,2.22,59.0,4.89,50.0,83.0,0.0
Magno Almeida,1.67,36.0,2.6,41.0,0.0,0.0,40.0,5.0
Juan Adams,7.09,55.0,4.06,34.0,0.91,66.0,57.0,0.0
Shamil Abdurakhimov,2.45,44.0,2.45,58.0,1.23,24.0,47.0,0.2
Scott Adams,0.0,0.0,0.0,0.0,0.0,0.0,0.0,0.0
Antonio Arroyo,3.12,69.0,1.87,43.0,1.95,41.0,44.0,0.4
Bill Algeo,9.8,53.0,7.47,36.0,0.0,0.0,62.0,0.0
Chris Amarante,0.0,0.0,0.0,0.0,0.0,0.0,0.0,0.0
Zu Anyanwu,2.47,42.0,2.47,69.0,0.65,100.0,0.0,0.0
Thiago Alves,3.73,41.0,3.42,62.0,0.71,60.0,63.0,0.3
Julius Anglickas,4.62,78.0,1.86,50.0,4.47,50.0,60.0,1.1
Tom Aspinall,0.0,0.0,0.0,0.0,0.0,0.0,0.0,0.0
Saad Awad,2.13,26.0,1.87,60.0,0.5,16.0,100.0,0.5
Cyril Asker,3.35,39.0,5.82,35.0,4.41,62.0,100.0,0.9
Mostapha Al-Turk,1.36,19.0,3.61,53.0,0.0,0.0,0.0,0.0
Reese Andy,2.87,50.0,3.5,58.0,0.67,20.0,40.0,0.0
Irene Aldana,6.16,38.0,5.92,63.0,0.28,50.0,93.0,0.1
Luciano Azevedo,0.76,45.0,1.97,27.0,2.28,11.0,0.0,0.0
Rico Altamirano,0.0,0.0,0.0,0.0,0.0,0.0,0.0,0.0
Bazigit Atajev,0.87,41.0,3.14,49.0,1.0,33.0,0.0,0.0
Ben Askren,3.64,49.0,5.66,36.0,4.33,55.0,0.0,0.9
Luiz Azeredo,2.16,39.0,2.76,57.0,1.07,50.0,45.0,0.3
Royce Alger,0.0,0.0,0.0,0.0,0.0,0.0,0.0,0.0
Olivier Aubin-Mercier,2.48,51.0,2.97,55.0,2.36,33.0,70.0,0.5
Abu Azaitar,3.2,37.0,1.27,57.0,1.0,100.0,25.0,0.0
Thomas Almeida,5.66,45.0,4.65,64.0,0.0,0.0,75.0,0.0
Lowell Anderson,0.0,0.0,0.0,0.0,0.0,0.0,0.0,0.0
Hitomi Akano,0.59,45.0,2.58,55.0,0.0,0.0,8.0,0.5
Olaf Alfonso,1.65,38.0,4.77,53.0,0.37,7.0,22.0,0.7
Ildemar Alcantara,1.93,38.0,2.63,50.0,2.0,68.0,81.0,0.9
Marcio Alexandre Junior,1.61,45.0,2.89,42.0,0.35,20.0,66.0,0.7
Adam Antolin,5.73,52.0,5.0,69.0,0.0,0.0,100.0,0.0
Ricardo Almeida,2.02,49.0,1.2,61.0,3.74,38.0,31.0,1.2
Adlan Amagov,3.29,47.0,0.82,78.0,5.84,56.0,100.0,0.0
Josh Appelt,1.35,40.0,11.5,32.0,0.0,0.0,33.0,0.0
Israel Adesanya,3.96,48.0,2.4,65.0,0.0,0.0,86.0,0.3
Raphael Assuncao,3.26,40.0,2.33,68.0,1.48,38.0,80.0,0.3
Sam Adkins,0.0,0.0,0.0,0.0,0.0,0.0,0.0,0.0
Bertrand Amoussou,6.75,39.0,2.01,83.0,0.0,0.0,0.0,0.0
Pat Audinwood,1.17,12.0,4.31,41.0,0.8,50.0,0.0,0.0
Igor Araujo,1.52,42.0,2.86,49.0,0.86,15.0,22.0,0.6
Estefani Almeida,3.13,37.0,6.07,42.0,0.0,0.0,0.0,0.0
Erik Apple,0.0,0.0,0.54,81.0,0.0,0.0,0.0,8.1
Joel Alvarez,2.55,33.0,3.44,54.0,0.0,0.0,0.0,0.0
Anthony Alves,0.0,0.0,0.0,0.0,0.0,0.0,0.0,0.0
Sean Alvarez,0.89,37.0,3.25,47.0,0.0,0.0,0.0,0.0
Anthony Avila,0.0,0.0,0.0,0.0,0.0,0.0,0.0,0.0
Marcus Aurelio,1.42,33.0,2.27,59.0,1.69,27.0,27.0,1.3
Viscardi Andrade,3.26,42.0,2.77,63.0,1.93,50.0,66.0,0.3
Ottman Azaitar,7.61,50.0,2.25,57.0,0.0,0.0,100.0,0.0
George Allen,0.8,38.0,3.1,43.0,0.0,0.0,50.0,0.0
Blas Avena,2.34,47.0,3.36,43.0,2.37,80.0,50.0,1.8
Wes Albritton,0.0,0.0,0.0,0.0,0.0,0.0,0.0,0.0
John Alessio,2.1,39.0,2.91,54.0,1.85,38.0,70.0,1.2
Iuri Alcantara,2.72,45.0,2.79,49.0,1.44,62.0,60.0,0.8
Klidson Abreu,2.05,40.0,2.9,55.0,0.64,20.0,80.0,0.0
Tom Aaron,0.0,0.0,0.0,0.0,0.0,0.0,0.0,0.0
Kenneth Alexander,0.88,19.0,2.2,66.0,4.71,26.0,0.0,0.0
Maiara Amanajas dos Santos,5.53,35.0,24.47,33.0,0.0,0.0,100.0,0.0
Karl Amoussou,1.47,34.0,2.67,54.0,0.0,0.0,25.0,1.0
Bruno Assis,1.27,43.0,3.2,36.0,2.0,50.0,66.0,1.0
Jessin Ayari,3.58,38.0,3.4,59.0,0.0,0.0,33.0,0.3
Magomed Ankalaev,3.46,56.0,1.24,67.0,0.68,33.0,85.0,0.0
Arnold Allen,3.19,41.0,2.0,67.0,1.36,52.0,76.0,0.5
Mike Aina,2.87,33.0,6.33,59.0,0.0,0.0,71.0,0.0
Teddy Ash,7.27,61.0,6.8,28.0,0.0,0.0,100.0,0.0
Alex Andrade,0.2,36.0,2.6,53.0,0.0,0.0,25.0,0.8
Sam Alvey,3.11,45.0,3.22,55.0,0.08,16.0,81.0,0.1
Sarah Alpar,4.42,61.0,3.79,40.0,3.79,66.0,100.0,1.9
Daniel Acacio,3.52,36.0,2.85,62.0,0.33,20.0,81.0,0.0
Austin Arnett,4.52,41.0,6.38,62.0,0.44,18.0,57.0,0.2
Warlley Alves,3.01,46.0,3.69,50.0,1.39,52.0,75.0,1.0
Gadzhimurad Antigulov,2.32,51.0,5.92,21.0,8.7,41.0,0.0,3.5
Jessica Aguilar,4.93,50.0,7.19,53.0,0.94,25.0,50.0,0.2
Papy Abedi,2.8,55.0,3.15,48.0,3.47,57.0,50.0,1.3
Junior Assuncao,3.31,62.0,2.06,44.0,2.43,24.0,66.0,0.7
Julia Avila,3.9,42.0,2.28,59.0,0.0,0.0,66.0,0.0
Rostem Akman,1.8,25.0,3.97,57.0,1.0,40.0,87.0,0.0
Herdem Alacabek,3.84,65.0,6.66,23.0,2.06,50.0,42.0,0.0
Joey Armstrong,0.0,0.0,0.0,0.0,0.0,0.0,0.0,0.0
Nick Agallar,0.69,11.0,4.56,42.0,0.0,0.0,0.0,0.0
Danny Abbadi,3.29,38.0,4.41,57.0,0.0,0.0,77.0,0.0
Daichi Abe,3.8,33.0,4.49,56.0,0.33,50.0,0.0,0.0
Brett Albee,0.0,0.0,0.0,0.0,0.0,0.0,0.0,0.0
JJ Aldrich,3.88,40.0,4.68,62.0,0.31,25.0,53.0,0.0
Rich Attonito,2.28,47.0,2.13,59.0,0.74,37.0,75.0,0.0
Christian Aguilera,10.17,43.0,4.07,63.0,0.0,0.0,0.0,0.0
Mike Altman,1.56,20.0,2.08,75.0,0.0,0.0,0.0,0.0
